m=(1/sqrt(75)+73/3.1^3)^(1/4)+55*0.41

m =

   23.8156
  